0 0.127604 0.189453 0.203125 0.128906
0 0.338542 0.216797 0.208333 0.121094
0 0.567708 0.232910 0.208333 0.116211
0 0.791667 0.204590 0.232639 0.135742
0 0.110243 0.363281 0.213542 0.132812
0 0.322049 0.374512 0.220486 0.124023
0 0.565972 0.387207 0.211806 0.116211
0 0.784722 0.381348 0.236111 0.125977
0 0.773438 0.553223 0.234375 0.133789
0 0.555556 0.541992 0.211806 0.121094
0 0.317708 0.539551 0.211806 0.124023
0 0.104167 0.537109 0.204861 0.132812
0 0.108507 0.709961 0.213542 0.134766
0 0.314236 0.698730 0.208333 0.120117
0 0.546007 0.699707 0.210069 0.124023
0 0.760417 0.726562 0.236111 0.140625
0 0.740451 0.903320 0.220486 0.134766
0 0.532986 0.861816 0.211806 0.122070
0 0.311632 0.866699 0.210069 0.118164
0 0.109375 0.891602 0.215278 0.140625
