0 0.070988 0.203448 0.129630 0.158621
0 0.211420 0.204828 0.124486 0.147586
0 0.353909 0.204138 0.125514 0.160000
0 0.498457 0.201379 0.128601 0.154483
0 0.637860 0.200690 0.127572 0.150345
0 0.784979 0.204138 0.129630 0.157241
0 0.926440 0.204828 0.122428 0.155862
0 0.070473 0.501379 0.132716 0.158621
0 0.209877 0.499310 0.129630 0.162759
0 0.353395 0.502069 0.128601 0.160000
0 0.498457 0.502759 0.126543 0.158621
0 0.641975 0.502069 0.131687 0.160000
0 0.786523 0.499310 0.128601 0.151724
0 0.924383 0.503448 0.130658 0.160000
0 0.070473 0.795862 0.136831 0.160000
0 0.209362 0.799310 0.128601 0.164138
0 0.357510 0.802759 0.130658 0.157241
0 0.495370 0.802759 0.126543 0.154483
0 0.640947 0.802759 0.125514 0.157241
0 0.781379 0.801379 0.134774 0.162759
0 0.923868 0.800690 0.133745 0.164138
